input
1 -1 2
3 4 5
6 7 8

LEFT
-1 1 2
3 4 5
6 7 8

input
1 2 -1
3 4 5
6 7 8

LEFT
1 -1 2
3 4 5
6 7 8

LEFT
-1 1 2
3 4 5
6 7 8

input
1 2 5
3 4 -1
6 7 8

UP
1 2 -1
3 4 5
6 7 8

LEFT
1 -1 2
3 4 5
6 7 8

LEFT
-1 1 2
3 4 5
6 7 8

input
1 2 5
3 -1 4
6 7 8

RIGHT
1 2 5
3 4 -1
6 7 8

UP
1 2 -1
3 4 5
6 7 8

LEFT
1 -1 2
3 4 5
6 7 8

LEFT
-1 1 2
3 4 5
6 7 8

input
1 2 5
-1 3 4
6 7 8

RIGHT
1 2 5
3 -1 4
6 7 8

RIGHT
1 2 5
3 4 -1
6 7 8

UP
1 2 -1
3 4 5
6 7 8

LEFT
1 -1 2
3 4 5
6 7 8

LEFT
-1 1 2
3 4 5
6 7 8

input
1 2 5
6 3 4
-1 7 8

UP
1 2 5
-1 3 4
6 7 8

RIGHT
1 2 5
3 -1 4
6 7 8

RIGHT
1 2 5
3 4 -1
6 7 8

UP
1 2 -1
3 4 5
6 7 8

LEFT
1 -1 2
3 4 5
6 7 8

LEFT
-1 1 2
3 4 5
6 7 8

input
1 2 5
6 3 4
7 -1 8

LEFT
1 2 5
6 3 4
-1 7 8

UP
1 2 5
-1 3 4
6 7 8

RIGHT
1 2 5
3 -1 4
6 7 8

RIGHT
1 2 5
3 4 -1
6 7 8

UP
1 2 -1
3 4 5
6 7 8

LEFT
1 -1 2
3 4 5
6 7 8

LEFT
-1 1 2
3 4 5
6 7 8

input
1 2 5
6 3 4
7 8 -1

LEFT
1 2 5
6 3 4
7 -1 8

LEFT
1 2 5
6 3 4
-1 7 8

UP
1 2 5
-1 3 4
6 7 8

RIGHT
1 2 5
3 -1 4
6 7 8

RIGHT
1 2 5
3 4 -1
6 7 8

UP
1 2 -1
3 4 5
6 7 8

LEFT
1 -1 2
3 4 5
6 7 8

LEFT
-1 1 2
3 4 5
6 7 8

input
1 2 5
6 3 -1
7 8 4

BOTTOM
1 2 5
6 3 4
7 8 -1

LEFT
1 2 5
6 3 4
7 -1 8

LEFT
1 2 5
6 3 4
-1 7 8

UP
1 2 5
-1 3 4
6 7 8

RIGHT
1 2 5
3 -1 4
6 7 8

RIGHT
1 2 5
3 4 -1
6 7 8

UP
1 2 -1
3 4 5
6 7 8

LEFT
1 -1 2
3 4 5
6 7 8

LEFT
-1 1 2
3 4 5
6 7 8

input
1 2 5
6 -1 3
7 8 4

RIGHT
1 2 5
6 3 -1
7 8 4

BOTTOM
1 2 5
6 3 4
7 8 -1

LEFT
1 2 5
6 3 4
7 -1 8

LEFT
1 2 5
6 3 4
-1 7 8

UP
1 2 5
-1 3 4
6 7 8

RIGHT
1 2 5
3 -1 4
6 7 8

RIGHT
1 2 5
3 4 -1
6 7 8

UP
1 2 -1
3 4 5
6 7 8

LEFT
1 -1 2
3 4 5
6 7 8

LEFT
-1 1 2
3 4 5
6 7 8

input
1 2 5
-1 6 3
7 8 4

RIGHT
1 2 5
6 -1 3
7 8 4

RIGHT
1 2 5
6 3 -1
7 8 4

BOTTOM
1 2 5
6 3 4
7 8 -1

LEFT
1 2 5
6 3 4
7 -1 8

LEFT
1 2 5
6 3 4
-1 7 8

UP
1 2 5
-1 3 4
6 7 8

RIGHT
1 2 5
3 -1 4
6 7 8

RIGHT
1 2 5
3 4 -1
6 7 8

UP
1 2 -1
3 4 5
6 7 8

LEFT
1 -1 2
3 4 5
6 7 8

LEFT
-1 1 2
3 4 5
6 7 8

input
-1 2 5
1 6 3
7 8 4

BOTTOM
1 2 5
-1 6 3
7 8 4

RIGHT
1 2 5
6 -1 3
7 8 4

RIGHT
1 2 5
6 3 -1
7 8 4

BOTTOM
1 2 5
6 3 4
7 8 -1

LEFT
1 2 5
6 3 4
7 -1 8

LEFT
1 2 5
6 3 4
-1 7 8

UP
1 2 5
-1 3 4
6 7 8

RIGHT
1 2 5
3 -1 4
6 7 8

RIGHT
1 2 5
3 4 -1
6 7 8

UP
1 2 -1
3 4 5
6 7 8

LEFT
1 -1 2
3 4 5
6 7 8

LEFT
-1 1 2
3 4 5
6 7 8

input
1 2 3
-1 4 5
6 7 8

UP
-1 2 3
1 4 5
6 7 8

RIGHT
2 -1 3
1 4 5
6 7 8

RIGHT
2 3 -1
1 4 5
6 7 8

BOTTOM
2 3 5
1 4 -1
6 7 8

LEFT
2 3 5
1 -1 4
6 7 8

UP
2 -1 5
1 3 4
6 7 8

LEFT
-1 2 5
1 3 4
6 7 8

BOTTOM
1 2 5
-1 3 4
6 7 8

RIGHT
1 2 5
3 -1 4
6 7 8

RIGHT
1 2 5
3 4 -1
6 7 8

UP
1 2 -1
3 4 5
6 7 8

LEFT
1 -1 2
3 4 5
6 7 8

LEFT
-1 1 2
3 4 5
6 7 8

input
1 2 3
4 -1 5
6 7 8

LEFT
1 2 3
-1 4 5
6 7 8

UP
-1 2 3
1 4 5
6 7 8

RIGHT
2 -1 3
1 4 5
6 7 8

RIGHT
2 3 -1
1 4 5
6 7 8

BOTTOM
2 3 5
1 4 -1
6 7 8

LEFT
2 3 5
1 -1 4
6 7 8

UP
2 -1 5
1 3 4
6 7 8

LEFT
-1 2 5
1 3 4
6 7 8

BOTTOM
1 2 5
-1 3 4
6 7 8

RIGHT
1 2 5
3 -1 4
6 7 8

RIGHT
1 2 5
3 4 -1
6 7 8

UP
1 2 -1
3 4 5
6 7 8

LEFT
1 -1 2
3 4 5
6 7 8

LEFT
-1 1 2
3 4 5
6 7 8

input
1 2 3
4 5 -1
6 7 8

LEFT
1 2 3
4 -1 5
6 7 8

LEFT
1 2 3
-1 4 5
6 7 8

UP
-1 2 3
1 4 5
6 7 8

RIGHT
2 -1 3
1 4 5
6 7 8

RIGHT
2 3 -1
1 4 5
6 7 8

BOTTOM
2 3 5
1 4 -1
6 7 8

LEFT
2 3 5
1 -1 4
6 7 8

UP
2 -1 5
1 3 4
6 7 8

LEFT
-1 2 5
1 3 4
6 7 8

BOTTOM
1 2 5
-1 3 4
6 7 8

RIGHT
1 2 5
3 -1 4
6 7 8

RIGHT
1 2 5
3 4 -1
6 7 8

UP
1 2 -1
3 4 5
6 7 8

LEFT
1 -1 2
3 4 5
6 7 8

LEFT
-1 1 2
3 4 5
6 7 8

input
2 5 3
1 -1 6
7 8 4

RIGHT
2 5 3
1 6 -1
7 8 4

UP
2 5 -1
1 6 3
7 8 4

LEFT
2 -1 5
1 6 3
7 8 4

LEFT
-1 2 5
1 6 3
7 8 4

BOTTOM
1 2 5
-1 6 3
7 8 4

RIGHT
1 2 5
6 -1 3
7 8 4

RIGHT
1 2 5
6 3 -1
7 8 4

BOTTOM
1 2 5
6 3 4
7 8 -1

LEFT
1 2 5
6 3 4
7 -1 8

LEFT
1 2 5
6 3 4
-1 7 8

UP
1 2 5
-1 3 4
6 7 8

RIGHT
1 2 5
3 -1 4
6 7 8

RIGHT
1 2 5
3 4 -1
6 7 8

UP
1 2 -1
3 4 5
6 7 8

LEFT
1 -1 2
3 4 5
6 7 8

LEFT
-1 1 2
3 4 5
6 7 8

input
2 5 3
-1 1 6
7 8 4

RIGHT
2 5 3
1 -1 6
7 8 4

RIGHT
2 5 3
1 6 -1
7 8 4

UP
2 5 -1
1 6 3
7 8 4

LEFT
2 -1 5
1 6 3
7 8 4

LEFT
-1 2 5
1 6 3
7 8 4

BOTTOM
1 2 5
-1 6 3
7 8 4

RIGHT
1 2 5
6 -1 3
7 8 4

RIGHT
1 2 5
6 3 -1
7 8 4

BOTTOM
1 2 5
6 3 4
7 8 -1

LEFT
1 2 5
6 3 4
7 -1 8

LEFT
1 2 5
6 3 4
-1 7 8

UP
1 2 5
-1 3 4
6 7 8

RIGHT
1 2 5
3 -1 4
6 7 8

RIGHT
1 2 5
3 4 -1
6 7 8

UP
1 2 -1
3 4 5
6 7 8

LEFT
1 -1 2
3 4 5
6 7 8

LEFT
-1 1 2
3 4 5
6 7 8

input
2 5 3
7 1 6
-1 8 4

UP
2 5 3
-1 1 6
7 8 4

RIGHT
2 5 3
1 -1 6
7 8 4

RIGHT
2 5 3
1 6 -1
7 8 4

UP
2 5 -1
1 6 3
7 8 4

LEFT
2 -1 5
1 6 3
7 8 4

LEFT
-1 2 5
1 6 3
7 8 4

BOTTOM
1 2 5
-1 6 3
7 8 4

RIGHT
1 2 5
6 -1 3
7 8 4

RIGHT
1 2 5
6 3 -1
7 8 4

BOTTOM
1 2 5
6 3 4
7 8 -1

LEFT
1 2 5
6 3 4
7 -1 8

LEFT
1 2 5
6 3 4
-1 7 8

UP
1 2 5
-1 3 4
6 7 8

RIGHT
1 2 5
3 -1 4
6 7 8

RIGHT
1 2 5
3 4 -1
6 7 8

UP
1 2 -1
3 4 5
6 7 8

LEFT
1 -1 2
3 4 5
6 7 8

LEFT
-1 1 2
3 4 5
6 7 8

input
2 5 3
7 1 6
8 -1 4

LEFT
2 5 3
7 1 6
-1 8 4

UP
2 5 3
-1 1 6
7 8 4

RIGHT
2 5 3
1 -1 6
7 8 4

RIGHT
2 5 3
1 6 -1
7 8 4

UP
2 5 -1
1 6 3
7 8 4

LEFT
2 -1 5
1 6 3
7 8 4

LEFT
-1 2 5
1 6 3
7 8 4

BOTTOM
1 2 5
-1 6 3
7 8 4

RIGHT
1 2 5
6 -1 3
7 8 4

RIGHT
1 2 5
6 3 -1
7 8 4

BOTTOM
1 2 5
6 3 4
7 8 -1

LEFT
1 2 5
6 3 4
7 -1 8

LEFT
1 2 5
6 3 4
-1 7 8

UP
1 2 5
-1 3 4
6 7 8

RIGHT
1 2 5
3 -1 4
6 7 8

RIGHT
1 2 5
3 4 -1
6 7 8

UP
1 2 -1
3 4 5
6 7 8

LEFT
1 -1 2
3 4 5
6 7 8

LEFT
-1 1 2
3 4 5
6 7 8

input
2 5 3
7 1 6
8 4 -1

LEFT
2 5 3
7 1 6
8 -1 4

LEFT
2 5 3
7 1 6
-1 8 4

UP
2 5 3
-1 1 6
7 8 4

RIGHT
2 5 3
1 -1 6
7 8 4

RIGHT
2 5 3
1 6 -1
7 8 4

UP
2 5 -1
1 6 3
7 8 4

LEFT
2 -1 5
1 6 3
7 8 4

LEFT
-1 2 5
1 6 3
7 8 4

BOTTOM
1 2 5
-1 6 3
7 8 4

RIGHT
1 2 5
6 -1 3
7 8 4

RIGHT
1 2 5
6 3 -1
7 8 4

BOTTOM
1 2 5
6 3 4
7 8 -1

LEFT
1 2 5
6 3 4
7 -1 8

LEFT
1 2 5
6 3 4
-1 7 8

UP
1 2 5
-1 3 4
6 7 8

RIGHT
1 2 5
3 -1 4
6 7 8

RIGHT
1 2 5
3 4 -1
6 7 8

UP
1 2 -1
3 4 5
6 7 8

LEFT
1 -1 2
3 4 5
6 7 8

LEFT
-1 1 2
3 4 5
6 7 8

