input
1 -1 2
3 4 5
6 7 8

LEFT
-1 1 2
3 4 5
6 7 8

input
1 2 -1
3 4 5
6 7 8

LEFT
1 -1 2
3 4 5
6 7 8

LEFT
-1 1 2
3 4 5
6 7 8

input
1 2 5
3 4 -1
6 7 8

UP
1 2 -1
3 4 5
6 7 8

LEFT
1 -1 2
3 4 5
6 7 8

LEFT
-1 1 2
3 4 5
6 7 8

input
1 2 5
3 -1 4
6 7 8

UP
1 -1 5
3 2 4
6 7 8

LEFT
-1 1 5
3 2 4
6 7 8

BOTTOM
3 1 5
-1 2 4
6 7 8

RIGHT
3 1 5
2 -1 4
6 7 8

RIGHT
3 1 5
2 4 -1
6 7 8

BOTTOM
3 1 5
2 4 8
6 7 -1

LEFT
3 1 5
2 4 8
6 -1 7

UP
3 1 5
2 -1 8
6 4 7

LEFT
3 1 5
-1 2 8
6 4 7

UP
-1 1 5
3 2 8
6 4 7

RIGHT
1 -1 5
3 2 8
6 4 7

BOTTOM
1 2 5
3 -1 8
6 4 7

BOTTOM
1 2 5
3 4 8
6 -1 7

RIGHT
1 2 5
3 4 8
6 7 -1

UP
1 2 5
3 4 -1
6 7 8

UP
1 2 -1
3 4 5
6 7 8

LEFT
1 -1 2
3 4 5
6 7 8

LEFT
-1 1 2
3 4 5
6 7 8

input
1 2 5
-1 3 4
6 7 8

UP
-1 2 5
1 3 4
6 7 8

RIGHT
2 -1 5
1 3 4
6 7 8

BOTTOM
2 3 5
1 -1 4
6 7 8

LEFT
2 3 5
-1 1 4
6 7 8

UP
-1 3 5
2 1 4
6 7 8

RIGHT
3 -1 5
2 1 4
6 7 8

BOTTOM
3 1 5
2 -1 4
6 7 8

LEFT
3 1 5
-1 2 4
6 7 8

UP
-1 1 5
3 2 4
6 7 8

RIGHT
1 -1 5
3 2 4
6 7 8

BOTTOM
1 2 5
3 -1 4
6 7 8

RIGHT
1 2 5
3 4 -1
6 7 8

UP
1 2 -1
3 4 5
6 7 8

LEFT
1 -1 2
3 4 5
6 7 8

LEFT
-1 1 2
3 4 5
6 7 8

input
1 2 5
6 3 4
-1 7 8

UP
1 2 5
-1 3 4
6 7 8

UP
-1 2 5
1 3 4
6 7 8

RIGHT
2 -1 5
1 3 4
6 7 8

BOTTOM
2 3 5
1 -1 4
6 7 8

LEFT
2 3 5
-1 1 4
6 7 8

UP
-1 3 5
2 1 4
6 7 8

RIGHT
3 -1 5
2 1 4
6 7 8

BOTTOM
3 1 5
2 -1 4
6 7 8

LEFT
3 1 5
-1 2 4
6 7 8

UP
-1 1 5
3 2 4
6 7 8

RIGHT
1 -1 5
3 2 4
6 7 8

BOTTOM
1 2 5
3 -1 4
6 7 8

RIGHT
1 2 5
3 4 -1
6 7 8

UP
1 2 -1
3 4 5
6 7 8

LEFT
1 -1 2
3 4 5
6 7 8

LEFT
-1 1 2
3 4 5
6 7 8

input
1 2 5
6 3 4
7 -1 8

UP
1 2 5
6 -1 4
7 3 8

UP
1 -1 5
6 2 4
7 3 8

RIGHT
1 5 -1
6 2 4
7 3 8

BOTTOM
1 5 4
6 2 -1
7 3 8

LEFT
1 5 4
6 -1 2
7 3 8

UP
1 -1 4
6 5 2
7 3 8

RIGHT
1 4 -1
6 5 2
7 3 8

BOTTOM
1 4 2
6 5 -1
7 3 8

LEFT
1 4 2
6 -1 5
7 3 8

LEFT
1 4 2
-1 6 5
7 3 8

BOTTOM
1 4 2
7 6 5
-1 3 8

RIGHT
1 4 2
7 6 5
3 -1 8

UP
1 4 2
7 -1 5
3 6 8

LEFT
1 4 2
-1 7 5
3 6 8

BOTTOM
1 4 2
3 7 5
-1 6 8

RIGHT
1 4 2
3 7 5
6 -1 8

UP
1 4 2
3 -1 5
6 7 8

UP
1 -1 2
3 4 5
6 7 8

LEFT
-1 1 2
3 4 5
6 7 8

input
1 2 5
6 3 4
7 8 -1

UP
1 2 5
6 3 -1
7 8 4

LEFT
1 2 5
6 -1 3
7 8 4

BOTTOM
1 2 5
6 8 3
7 -1 4

RIGHT
1 2 5
6 8 3
7 4 -1

UP
1 2 5
6 8 -1
7 4 3

LEFT
1 2 5
6 -1 8
7 4 3

BOTTOM
1 2 5
6 4 8
7 -1 3

RIGHT
1 2 5
6 4 8
7 3 -1

UP
1 2 5
6 4 -1
7 3 8

UP
1 2 -1
6 4 5
7 3 8

LEFT
1 -1 2
6 4 5
7 3 8

BOTTOM
1 4 2
6 -1 5
7 3 8

BOTTOM
1 4 2
6 3 5
7 -1 8

LEFT
1 4 2
6 3 5
-1 7 8

UP
1 4 2
-1 3 5
6 7 8

RIGHT
1 4 2
3 -1 5
6 7 8

UP
1 -1 2
3 4 5
6 7 8

LEFT
-1 1 2
3 4 5
6 7 8

input
1 2 5
6 3 -1
7 8 4

LEFT
1 2 5
6 -1 3
7 8 4

BOTTOM
1 2 5
6 8 3
7 -1 4

RIGHT
1 2 5
6 8 3
7 4 -1

UP
1 2 5
6 8 -1
7 4 3

LEFT
1 2 5
6 -1 8
7 4 3

BOTTOM
1 2 5
6 4 8
7 -1 3

RIGHT
1 2 5
6 4 8
7 3 -1

UP
1 2 5
6 4 -1
7 3 8

UP
1 2 -1
6 4 5
7 3 8

LEFT
1 -1 2
6 4 5
7 3 8

BOTTOM
1 4 2
6 -1 5
7 3 8

BOTTOM
1 4 2
6 3 5
7 -1 8

LEFT
1 4 2
6 3 5
-1 7 8

UP
1 4 2
-1 3 5
6 7 8

RIGHT
1 4 2
3 -1 5
6 7 8

UP
1 -1 2
3 4 5
6 7 8

LEFT
-1 1 2
3 4 5
6 7 8

input
1 2 5
6 -1 3
7 8 4

UP
1 -1 5
6 2 3
7 8 4

LEFT
-1 1 5
6 2 3
7 8 4

BOTTOM
6 1 5
-1 2 3
7 8 4

RIGHT
6 1 5
2 -1 3
7 8 4

RIGHT
6 1 5
2 3 -1
7 8 4

BOTTOM
6 1 5
2 3 4
7 8 -1

LEFT
6 1 5
2 3 4
7 -1 8

UP
6 1 5
2 -1 4
7 3 8

LEFT
6 1 5
-1 2 4
7 3 8

UP
-1 1 5
6 2 4
7 3 8

RIGHT
1 -1 5
6 2 4
7 3 8

BOTTOM
1 2 5
6 -1 4
7 3 8

BOTTOM
1 2 5
6 3 4
7 -1 8

LEFT
1 2 5
6 3 4
-1 7 8

UP
1 2 5
-1 3 4
6 7 8

RIGHT
1 2 5
3 -1 4
6 7 8

RIGHT
1 2 5
3 4 -1
6 7 8

UP
1 2 -1
3 4 5
6 7 8

LEFT
1 -1 2
3 4 5
6 7 8

LEFT
-1 1 2
3 4 5
6 7 8

input
1 2 5
-1 6 3
7 8 4

UP
-1 2 5
1 6 3
7 8 4

RIGHT
2 -1 5
1 6 3
7 8 4

BOTTOM
2 6 5
1 -1 3
7 8 4

RIGHT
2 6 5
1 3 -1
7 8 4

BOTTOM
2 6 5
1 3 4
7 8 -1

LEFT
2 6 5
1 3 4
7 -1 8

UP
2 6 5
1 -1 4
7 3 8

UP
2 -1 5
1 6 4
7 3 8

LEFT
-1 2 5
1 6 4
7 3 8

BOTTOM
1 2 5
-1 6 4
7 3 8

RIGHT
1 2 5
6 -1 4
7 3 8

BOTTOM
1 2 5
6 3 4
7 -1 8

LEFT
1 2 5
6 3 4
-1 7 8

UP
1 2 5
-1 3 4
6 7 8

RIGHT
1 2 5
3 -1 4
6 7 8

RIGHT
1 2 5
3 4 -1
6 7 8

UP
1 2 -1
3 4 5
6 7 8

LEFT
1 -1 2
3 4 5
6 7 8

LEFT
-1 1 2
3 4 5
6 7 8

input
-1 2 5
1 6 3
7 8 4

BOTTOM
1 2 5
-1 6 3
7 8 4

RIGHT
1 2 5
6 -1 3
7 8 4

BOTTOM
1 2 5
6 8 3
7 -1 4

RIGHT
1 2 5
6 8 3
7 4 -1

UP
1 2 5
6 8 -1
7 4 3

LEFT
1 2 5
6 -1 8
7 4 3

BOTTOM
1 2 5
6 4 8
7 -1 3

RIGHT
1 2 5
6 4 8
7 3 -1

UP
1 2 5
6 4 -1
7 3 8

UP
1 2 -1
6 4 5
7 3 8

LEFT
1 -1 2
6 4 5
7 3 8

BOTTOM
1 4 2
6 -1 5
7 3 8

BOTTOM
1 4 2
6 3 5
7 -1 8

LEFT
1 4 2
6 3 5
-1 7 8

UP
1 4 2
-1 3 5
6 7 8

RIGHT
1 4 2
3 -1 5
6 7 8

UP
1 -1 2
3 4 5
6 7 8

LEFT
-1 1 2
3 4 5
6 7 8

input
1 2 3
-1 4 5
6 7 8

UP
-1 2 3
1 4 5
6 7 8

RIGHT
2 -1 3
1 4 5
6 7 8

BOTTOM
2 4 3
1 -1 5
6 7 8

LEFT
2 4 3
-1 1 5
6 7 8

UP
-1 4 3
2 1 5
6 7 8

RIGHT
4 -1 3
2 1 5
6 7 8

RIGHT
4 3 -1
2 1 5
6 7 8

BOTTOM
4 3 5
2 1 -1
6 7 8

LEFT
4 3 5
2 -1 1
6 7 8

LEFT
4 3 5
-1 2 1
6 7 8

UP
-1 3 5
4 2 1
6 7 8

RIGHT
3 -1 5
4 2 1
6 7 8

BOTTOM
3 2 5
4 -1 1
6 7 8

RIGHT
3 2 5
4 1 -1
6 7 8

UP
3 2 -1
4 1 5
6 7 8

LEFT
3 -1 2
4 1 5
6 7 8

BOTTOM
3 1 2
4 -1 5
6 7 8

LEFT
3 1 2
-1 4 5
6 7 8

UP
-1 1 2
3 4 5
6 7 8

input
1 2 3
4 -1 5
6 7 8

UP
1 -1 3
4 2 5
6 7 8

LEFT
-1 1 3
4 2 5
6 7 8

BOTTOM
4 1 3
-1 2 5
6 7 8

BOTTOM
4 1 3
6 2 5
-1 7 8

RIGHT
4 1 3
6 2 5
7 -1 8

RIGHT
4 1 3
6 2 5
7 8 -1

UP
4 1 3
6 2 -1
7 8 5

LEFT
4 1 3
6 -1 2
7 8 5

UP
4 -1 3
6 1 2
7 8 5

RIGHT
4 3 -1
6 1 2
7 8 5

BOTTOM
4 3 2
6 1 -1
7 8 5

BOTTOM
4 3 2
6 1 5
7 8 -1

LEFT
4 3 2
6 1 5
7 -1 8

LEFT
4 3 2
6 1 5
-1 7 8

UP
4 3 2
-1 1 5
6 7 8

UP
-1 3 2
4 1 5
6 7 8

RIGHT
3 -1 2
4 1 5
6 7 8

BOTTOM
3 1 2
4 -1 5
6 7 8

LEFT
3 1 2
-1 4 5
6 7 8

UP
-1 1 2
3 4 5
6 7 8

input
1 2 3
4 5 -1
6 7 8

UP
1 2 -1
4 5 3
6 7 8

LEFT
1 -1 2
4 5 3
6 7 8

LEFT
-1 1 2
4 5 3
6 7 8

BOTTOM
4 1 2
-1 5 3
6 7 8

RIGHT
4 1 2
5 -1 3
6 7 8

RIGHT
4 1 2
5 3 -1
6 7 8

UP
4 1 -1
5 3 2
6 7 8

LEFT
4 -1 1
5 3 2
6 7 8

BOTTOM
4 3 1
5 -1 2
6 7 8

LEFT
4 3 1
-1 5 2
6 7 8

UP
-1 3 1
4 5 2
6 7 8

RIGHT
3 -1 1
4 5 2
6 7 8

RIGHT
3 1 -1
4 5 2
6 7 8

BOTTOM
3 1 2
4 5 -1
6 7 8

LEFT
3 1 2
4 -1 5
6 7 8

LEFT
3 1 2
-1 4 5
6 7 8

UP
-1 1 2
3 4 5
6 7 8

input
2 5 3
1 -1 6
7 8 4

RIGHT
2 5 3
1 6 -1
7 8 4

UP
2 5 -1
1 6 3
7 8 4

LEFT
2 -1 5
1 6 3
7 8 4

LEFT
-1 2 5
1 6 3
7 8 4

BOTTOM
1 2 5
-1 6 3
7 8 4

RIGHT
1 2 5
6 -1 3
7 8 4

RIGHT
1 2 5
6 3 -1
7 8 4

BOTTOM
1 2 5
6 3 4
7 8 -1

LEFT
1 2 5
6 3 4
7 -1 8

UP
1 2 5
6 -1 4
7 3 8

RIGHT
1 2 5
6 4 -1
7 3 8

UP
1 2 -1
6 4 5
7 3 8

LEFT
1 -1 2
6 4 5
7 3 8

BOTTOM
1 4 2
6 -1 5
7 3 8

BOTTOM
1 4 2
6 3 5
7 -1 8

LEFT
1 4 2
6 3 5
-1 7 8

UP
1 4 2
-1 3 5
6 7 8

RIGHT
1 4 2
3 -1 5
6 7 8

UP
1 -1 2
3 4 5
6 7 8

LEFT
-1 1 2
3 4 5
6 7 8

input
2 5 3
-1 1 6
7 8 4

RIGHT
2 5 3
1 -1 6
7 8 4

RIGHT
2 5 3
1 6 -1
7 8 4

UP
2 5 -1
1 6 3
7 8 4

LEFT
2 -1 5
1 6 3
7 8 4

LEFT
-1 2 5
1 6 3
7 8 4

BOTTOM
1 2 5
-1 6 3
7 8 4

RIGHT
1 2 5
6 -1 3
7 8 4

RIGHT
1 2 5
6 3 -1
7 8 4

BOTTOM
1 2 5
6 3 4
7 8 -1

LEFT
1 2 5
6 3 4
7 -1 8

LEFT
1 2 5
6 3 4
-1 7 8

UP
1 2 5
-1 3 4
6 7 8

RIGHT
1 2 5
3 -1 4
6 7 8

RIGHT
1 2 5
3 4 -1
6 7 8

UP
1 2 -1
3 4 5
6 7 8

LEFT
1 -1 2
3 4 5
6 7 8

LEFT
-1 1 2
3 4 5
6 7 8

input
2 5 3
7 1 6
-1 8 4

UP
2 5 3
-1 1 6
7 8 4

RIGHT
2 5 3
1 -1 6
7 8 4

RIGHT
2 5 3
1 6 -1
7 8 4

UP
2 5 -1
1 6 3
7 8 4

LEFT
2 -1 5
1 6 3
7 8 4

LEFT
-1 2 5
1 6 3
7 8 4

BOTTOM
1 2 5
-1 6 3
7 8 4

RIGHT
1 2 5
6 -1 3
7 8 4

RIGHT
1 2 5
6 3 -1
7 8 4

BOTTOM
1 2 5
6 3 4
7 8 -1

LEFT
1 2 5
6 3 4
7 -1 8

LEFT
1 2 5
6 3 4
-1 7 8

UP
1 2 5
-1 3 4
6 7 8

RIGHT
1 2 5
3 -1 4
6 7 8

RIGHT
1 2 5
3 4 -1
6 7 8

UP
1 2 -1
3 4 5
6 7 8

LEFT
1 -1 2
3 4 5
6 7 8

LEFT
-1 1 2
3 4 5
6 7 8

input
2 5 3
7 1 6
8 -1 4

LEFT
2 5 3
7 1 6
-1 8 4

UP
2 5 3
-1 1 6
7 8 4

RIGHT
2 5 3
1 -1 6
7 8 4

RIGHT
2 5 3
1 6 -1
7 8 4

UP
2 5 -1
1 6 3
7 8 4

LEFT
2 -1 5
1 6 3
7 8 4

LEFT
-1 2 5
1 6 3
7 8 4

BOTTOM
1 2 5
-1 6 3
7 8 4

RIGHT
1 2 5
6 -1 3
7 8 4

RIGHT
1 2 5
6 3 -1
7 8 4

BOTTOM
1 2 5
6 3 4
7 8 -1

LEFT
1 2 5
6 3 4
7 -1 8

LEFT
1 2 5
6 3 4
-1 7 8

UP
1 2 5
-1 3 4
6 7 8

RIGHT
1 2 5
3 -1 4
6 7 8

RIGHT
1 2 5
3 4 -1
6 7 8

UP
1 2 -1
3 4 5
6 7 8

LEFT
1 -1 2
3 4 5
6 7 8

LEFT
-1 1 2
3 4 5
6 7 8

input
2 5 3
7 1 6
8 4 -1

LEFT
2 5 3
7 1 6
8 -1 4

LEFT
2 5 3
7 1 6
-1 8 4

UP
2 5 3
-1 1 6
7 8 4

RIGHT
2 5 3
1 -1 6
7 8 4

RIGHT
2 5 3
1 6 -1
7 8 4

UP
2 5 -1
1 6 3
7 8 4

LEFT
2 -1 5
1 6 3
7 8 4

LEFT
-1 2 5
1 6 3
7 8 4

BOTTOM
1 2 5
-1 6 3
7 8 4

RIGHT
1 2 5
6 -1 3
7 8 4

RIGHT
1 2 5
6 3 -1
7 8 4

BOTTOM
1 2 5
6 3 4
7 8 -1

LEFT
1 2 5
6 3 4
7 -1 8

LEFT
1 2 5
6 3 4
-1 7 8

UP
1 2 5
-1 3 4
6 7 8

RIGHT
1 2 5
3 -1 4
6 7 8

RIGHT
1 2 5
3 4 -1
6 7 8

UP
1 2 -1
3 4 5
6 7 8

LEFT
1 -1 2
3 4 5
6 7 8

LEFT
-1 1 2
3 4 5
6 7 8

